<?xml version="1.0"?>
<opencv_storage>
<NAO_CAM_DISTORTION type_id="opencv-matrix">
  <rows>5</rows>
  <cols>1</cols>
  <dt>d</dt>
  <data>
    0.182537645  -0.297283083  3.19630381e-005  -4.77137882e-003  -2.70152307
  </data>
</NAO_CAM_DISTORTION>
<NAO_CAM_INTRINSIC type_id="opencv-matrix">
  <rows>3</rows>
  <cols>3</cols>
  <dt>d</dt>
  <data>
    761.893433          0.0    316.259125
    0.0          763.133728    216.086792
    0.0                 0.0           1.0
  </data>
</NAO_CAM_INTRINSIC>
<HIDEF5M_WC_DISTORTION type_id="opencv-matrix">
  <rows>5</rows>
  <cols>1</cols>
  <dt>d</dt>
  <data>
    -0.0493483755164226    0.2059321158787480   0.0022488438541649
     0.0008089017419214   -1.0288583178376500
  </data>
</HIDEF5M_WC_DISTORTION>
<HIDEF5M_WC_INTRINSIC type_id="opencv-matrix">
  <rows>3</rows>
  <cols>3</cols>
  <dt>d</dt>
  <data>
    809.8958717246910000                   0.0  316.6502373500510000
                     0.0  759.9328695118240000  247.2614344048390000
                     0.0                   0.0                   1.0
  </data>
</HIDEF5M_WC_INTRINSIC>
<VAIO_WC_DISTORTION type_id="opencv-matrix">
  <rows>5</rows>
  <cols>1</cols>
  <dt>f</dt>
  <data>
    -0.2605032552361670    2.4966898670705500    0.0011218529704435
     0.0062716179499456   -5.1011905785166200
  </data>
</VAIO_WC_DISTORTION>
<VAIO_WC_INTINSIC type_id="opencv-matrix">
  <rows>3</rows>
  <cols>3</cols>
  <dt>f</dt>
  <data>
    635.4801633968360000                   0.0  342.1449728845560000
                     0.0  636.4220142195560000  236.6992689958160000
                     0.0                   0.0                   1.0
  </data>
</VAIO_WC_INTINSIC>
</opencv_storage>
 